date,station,dir,lane_type,hour,vehicles,avg_speed_mph
2026-10-07,3023111,E,ML,00,199,67.9
2026-10-07,3023111,E,ML,01,155,68.2
2026-10-07,3023111,E,ML,02,148,68.2
2026-10-07,3023111,E,ML,03,159,68.6
2026-10-07,3023111,E,ML,04,180,68.4
2026-10-07,3023111,E,ML,05,328,67.7
2026-10-07,3023111,E,ML,06,492,67.9
2026-10-07,3023111,E,ML,07,592,66.7
2026-10-07,3023111,E,ML,08,685,66.8
2026-10-07,3023111,E,ML,09,706,67.1
2026-10-07,3023111,E,ML,10,754,67.3
2026-10-07,3023111,E,ML,11,839,65.3
2026-10-07,3023111,E,ML,12,890,66.4
2026-10-07,3023111,E,ML,13,904,64.3
2026-10-07,3023111,E,ML,14,963,64.3
2026-10-07,3023111,E,ML,15,1011,66.4
2026-10-07,3023111,E,ML,16,957,65.3
2026-10-07,3023111,E,ML,17,825,65.3
2026-10-07,3023111,E,ML,18,592,66.5
2026-10-07,3023111,E,ML,19,507,66.3
2026-10-07,3023111,E,ML,20,432,66.8
2026-10-07,3023111,E,ML,21,360,67.5
2026-10-07,3023111,E,ML,22,289,67.4
2026-10-07,3023111,E,ML,23,236,67.8
2026-10-07,3023113,E,FR,00,0,
2026-10-07,3023113,E,FR,01,0,
2026-10-07,3023113,E,FR,02,0,
2026-10-07,3023113,E,FR,03,0,
2026-10-07,3023113,E,FR,04,0,
2026-10-07,3023113,E,FR,05,0,
2026-10-07,3023113,E,FR,06,0,
2026-10-07,3023113,E,FR,07,0,
2026-10-07,3023113,E,FR,08,0,
2026-10-07,3023113,E,FR,09,0,
2026-10-07,3023113,E,FR,10,0,
2026-10-07,3023113,E,FR,11,0,
2026-10-07,3023113,E,FR,12,0,
2026-10-07,3023113,E,FR,13,0,
2026-10-07,3023113,E,FR,14,0,
2026-10-07,3023113,E,FR,15,0,
2026-10-07,3023113,E,FR,16,0,
2026-10-07,3023113,E,FR,17,0,
2026-10-07,3023113,E,FR,18,0,
2026-10-07,3023113,E,FR,19,0,
2026-10-07,3023113,E,FR,20,0,
2026-10-07,3023113,E,FR,21,0,
2026-10-07,3023113,E,FR,22,0,
2026-10-07,3023113,E,FR,23,0,
2026-10-07,3023115,E,OR,00,0,
2026-10-07,3023115,E,OR,01,0,
2026-10-07,3023115,E,OR,02,0,
2026-10-07,3023115,E,OR,03,0,
2026-10-07,3023115,E,OR,04,0,
2026-10-07,3023115,E,OR,05,0,
2026-10-07,3023115,E,OR,06,0,
2026-10-07,3023115,E,OR,07,0,
2026-10-07,3023115,E,OR,08,0,
2026-10-07,3023115,E,OR,09,0,
2026-10-07,3023115,E,OR,10,0,
2026-10-07,3023115,E,OR,11,0,
2026-10-07,3023115,E,OR,12,0,
2026-10-07,3023115,E,OR,13,0,
2026-10-07,3023115,E,OR,14,0,
2026-10-07,3023115,E,OR,15,0,
2026-10-07,3023115,E,OR,16,0,
2026-10-07,3023115,E,OR,17,0,
2026-10-07,3023115,E,OR,18,0,
2026-10-07,3023115,E,OR,19,0,
2026-10-07,3023115,E,OR,20,0,
2026-10-07,3023115,E,OR,21,0,
2026-10-07,3023115,E,OR,22,0,
2026-10-07,3023115,E,OR,23,0,
2026-10-07,3023116,W,FR,00,0,
2026-10-07,3023116,W,FR,01,0,
2026-10-07,3023116,W,FR,02,0,
2026-10-07,3023116,W,FR,03,0,
2026-10-07,3023116,W,FR,04,0,
2026-10-07,3023116,W,FR,05,0,
2026-10-07,3023116,W,FR,06,0,
2026-10-07,3023116,W,FR,07,0,
2026-10-07,3023116,W,FR,08,0,
2026-10-07,3023116,W,FR,09,0,
2026-10-07,3023116,W,FR,10,0,
2026-10-07,3023116,W,FR,11,0,
2026-10-07,3023116,W,FR,12,0,
2026-10-07,3023116,W,FR,13,0,
2026-10-07,3023116,W,FR,14,0,
2026-10-07,3023116,W,FR,15,0,
2026-10-07,3023116,W,FR,16,0,
2026-10-07,3023116,W,FR,17,0,
2026-10-07,3023116,W,FR,18,0,
2026-10-07,3023116,W,FR,19,0,
2026-10-07,3023116,W,FR,20,0,
2026-10-07,3023116,W,FR,21,0,
2026-10-07,3023116,W,FR,22,0,
2026-10-07,3023116,W,FR,23,0,
2026-10-07,3023121,W,ML,00,47,67.0
2026-10-07,3023121,W,ML,01,0,
2026-10-07,3023121,W,ML,02,5,68.8
2026-10-07,3023121,W,ML,03,7,68.3
2026-10-07,3023121,W,ML,04,52,67.3
2026-10-07,3023121,W,ML,05,208,67.3
2026-10-07,3023121,W,ML,06,569,63.1
2026-10-07,3023121,W,ML,07,1258,66.9
2026-10-07,3023121,W,ML,08,1200,64.3
2026-10-07,3023121,W,ML,09,1244,59.4
2026-10-07,3023121,W,ML,10,1178,57.9
2026-10-07,3023121,W,ML,11,1250,58.7
2026-10-07,3023121,W,ML,12,1234,62.2
2026-10-07,3023121,W,ML,13,1155,63.1
2026-10-07,3023121,W,ML,14,1182,62.4
2026-10-07,3023121,W,ML,15,1207,61.9
2026-10-07,3023121,W,ML,16,1211,64.8
2026-10-07,3023121,W,ML,17,1023,67.8
2026-10-07,3023121,W,ML,18,814,64.2
2026-10-07,3023121,W,ML,19,594,61.7
2026-10-07,3023121,W,ML,20,388,67.0
2026-10-07,3023121,W,ML,21,352,69.2
2026-10-07,3023121,W,ML,22,161,69.2
2026-10-07,3023121,W,ML,23,37,70.0
2026-10-07,3023124,W,ML,00,0,
2026-10-07,3023124,W,ML,01,0,
2026-10-07,3023124,W,ML,02,0,
2026-10-07,3023124,W,ML,03,0,
2026-10-07,3023124,W,ML,04,0,
2026-10-07,3023124,W,ML,05,1,65.0
2026-10-07,3023124,W,ML,06,16,64.9
2026-10-07,3023124,W,ML,07,93,64.7
2026-10-07,3023124,W,ML,08,106,64.0
2026-10-07,3023124,W,ML,09,143,63.8
2026-10-07,3023124,W,ML,10,142,64.2
2026-10-07,3023124,W,ML,11,180,62.4
2026-10-07,3023124,W,ML,12,177,63.4
2026-10-07,3023124,W,ML,13,177,63.9
2026-10-07,3023124,W,ML,14,197,63.4
2026-10-07,3023124,W,ML,15,226,62.3
2026-10-07,3023124,W,ML,16,186,63.9
2026-10-07,3023124,W,ML,17,162,65.5
2026-10-07,3023124,W,ML,18,92,64.9
2026-10-07,3023124,W,ML,19,47,64.6
2026-10-07,3023124,W,ML,20,6,64.7
2026-10-07,3023124,W,ML,21,4,64.8
2026-10-07,3023124,W,ML,22,0,
2026-10-07,3023124,W,ML,23,0,
2026-10-07,3047111,E,ML,00,211,65.3
2026-10-07,3047111,E,ML,01,183,66.3
2026-10-07,3047111,E,ML,02,167,65.3
2026-10-07,3047111,E,ML,03,155,66.1
2026-10-07,3047111,E,ML,04,254,66.2
2026-10-07,3047111,E,ML,05,451,67.1
2026-10-07,3047111,E,ML,06,613,67.6
2026-10-07,3047111,E,ML,07,666,66.4
2026-10-07,3047111,E,ML,08,745,67.2
2026-10-07,3047111,E,ML,09,741,68.5
2026-10-07,3047111,E,ML,10,812,67.2
2026-10-07,3047111,E,ML,11,829,66.6
2026-10-07,3047111,E,ML,12,863,67.9
2026-10-07,3047111,E,ML,13,894,66.3
2026-10-07,3047111,E,ML,14,832,67.0
2026-10-07,3047111,E,ML,15,833,66.9
2026-10-07,3047111,E,ML,16,730,65.8
2026-10-07,3047111,E,ML,17,548,67.3
2026-10-07,3047111,E,ML,18,492,66.6
2026-10-07,3047111,E,ML,19,471,64.7
2026-10-07,3047111,E,ML,20,456,65.9
2026-10-07,3047111,E,ML,21,390,65.7
2026-10-07,3047111,E,ML,22,320,66.2
2026-10-07,3047111,E,ML,23,250,64.5
2026-10-07,3047112,E,OR,00,0,
2026-10-07,3047112,E,OR,01,0,
2026-10-07,3047112,E,OR,02,0,
2026-10-07,3047112,E,OR,03,0,
2026-10-07,3047112,E,OR,04,0,
2026-10-07,3047112,E,OR,05,0,
2026-10-07,3047112,E,OR,06,0,
2026-10-07,3047112,E,OR,07,0,
2026-10-07,3047112,E,OR,08,0,
2026-10-07,3047112,E,OR,09,0,
2026-10-07,3047112,E,OR,10,0,
2026-10-07,3047112,E,OR,11,0,
2026-10-07,3047112,E,OR,12,0,
2026-10-07,3047112,E,OR,13,0,
2026-10-07,3047112,E,OR,14,0,
2026-10-07,3047112,E,OR,15,0,
2026-10-07,3047112,E,OR,16,0,
2026-10-07,3047112,E,OR,17,0,
2026-10-07,3047112,E,OR,18,0,
2026-10-07,3047112,E,OR,19,0,
2026-10-07,3047112,E,OR,20,0,
2026-10-07,3047112,E,OR,21,0,
2026-10-07,3047112,E,OR,22,0,
2026-10-07,3047112,E,OR,23,0,
2026-10-07,3047113,E,FR,00,0,
2026-10-07,3047113,E,FR,01,0,
2026-10-07,3047113,E,FR,02,0,
2026-10-07,3047113,E,FR,03,0,
2026-10-07,3047113,E,FR,04,0,
2026-10-07,3047113,E,FR,05,0,
2026-10-07,3047113,E,FR,06,0,
2026-10-07,3047113,E,FR,07,0,
2026-10-07,3047113,E,FR,08,0,
2026-10-07,3047113,E,FR,09,0,
2026-10-07,3047113,E,FR,10,0,
2026-10-07,3047113,E,FR,11,0,
2026-10-07,3047113,E,FR,12,0,
2026-10-07,3047113,E,FR,13,0,
2026-10-07,3047113,E,FR,14,0,
2026-10-07,3047113,E,FR,15,0,
2026-10-07,3047113,E,FR,16,0,
2026-10-07,3047113,E,FR,17,0,
2026-10-07,3047113,E,FR,18,0,
2026-10-07,3047113,E,FR,19,0,
2026-10-07,3047113,E,FR,20,0,
2026-10-07,3047113,E,FR,21,0,
2026-10-07,3047113,E,FR,22,0,
2026-10-07,3047113,E,FR,23,0,
2026-10-07,3047121,W,ML,00,503,62.4
2026-10-07,3047121,W,ML,01,581,62.2
2026-10-07,3047121,W,ML,02,549,62.4
2026-10-07,3047121,W,ML,03,558,61.6
2026-10-07,3047121,W,ML,04,536,61.5
2026-10-07,3047121,W,ML,05,581,64.4
2026-10-07,3047121,W,ML,06,612,64.4
2026-10-07,3047121,W,ML,07,694,62.9
2026-10-07,3047121,W,ML,08,798,60.7
2026-10-07,3047121,W,ML,09,882,63.0
2026-10-07,3047121,W,ML,10,902,50.1
2026-10-07,3047121,W,ML,11,947,47.1
2026-10-07,3047121,W,ML,12,912,51.8
2026-10-07,3047121,W,ML,13,939,53.0
2026-10-07,3047121,W,ML,14,877,51.3
2026-10-07,3047121,W,ML,15,924,52.6
2026-10-07,3047121,W,ML,16,883,54.5
2026-10-07,3047121,W,ML,17,857,52.7
2026-10-07,3047121,W,ML,18,786,52.6
2026-10-07,3047121,W,ML,19,723,49.8
2026-10-07,3047121,W,ML,20,712,50.8
2026-10-07,3047121,W,ML,21,793,54.8
2026-10-07,3047121,W,ML,22,756,53.1
2026-10-07,3047121,W,ML,23,645,58.9
2026-10-07,3047122,W,OR,00,0,
2026-10-07,3047122,W,OR,01,0,
2026-10-07,3047122,W,OR,02,0,
2026-10-07,3047122,W,OR,03,0,
2026-10-07,3047122,W,OR,04,0,
2026-10-07,3047122,W,OR,05,0,
2026-10-07,3047122,W,OR,06,0,
2026-10-07,3047122,W,OR,07,0,
2026-10-07,3047122,W,OR,08,0,
2026-10-07,3047122,W,OR,09,0,
2026-10-07,3047122,W,OR,10,0,
2026-10-07,3047122,W,OR,11,0,
2026-10-07,3047122,W,OR,12,0,
2026-10-07,3047122,W,OR,13,0,
2026-10-07,3047122,W,OR,14,0,
2026-10-07,3047122,W,OR,15,0,
2026-10-07,3047122,W,OR,16,0,
2026-10-07,3047122,W,OR,17,0,
2026-10-07,3047122,W,OR,18,0,
2026-10-07,3047122,W,OR,19,0,
2026-10-07,3047122,W,OR,20,0,
2026-10-07,3047122,W,OR,21,0,
2026-10-07,3047122,W,OR,22,0,
2026-10-07,3047122,W,OR,23,0,
2026-10-07,3047123,W,FR,00,0,
2026-10-07,3047123,W,FR,01,0,
2026-10-07,3047123,W,FR,02,0,
2026-10-07,3047123,W,FR,03,0,
2026-10-07,3047123,W,FR,04,0,
2026-10-07,3047123,W,FR,05,0,
2026-10-07,3047123,W,FR,06,0,
2026-10-07,3047123,W,FR,07,0,
2026-10-07,3047123,W,FR,08,0,
2026-10-07,3047123,W,FR,09,0,
2026-10-07,3047123,W,FR,10,0,
2026-10-07,3047123,W,FR,11,0,
2026-10-07,3047123,W,FR,12,0,
2026-10-07,3047123,W,FR,13,0,
2026-10-07,3047123,W,FR,14,0,
2026-10-07,3047123,W,FR,15,0,
2026-10-07,3047123,W,FR,16,0,
2026-10-07,3047123,W,FR,17,0,
2026-10-07,3047123,W,FR,18,0,
2026-10-07,3047123,W,FR,19,0,
2026-10-07,3047123,W,FR,20,0,
2026-10-07,3047123,W,FR,21,0,
2026-10-07,3047123,W,FR,22,0,
2026-10-07,3047123,W,FR,23,0,
2026-10-07,3054021,W,OR,00,0,
2026-10-07,3054021,W,OR,01,0,
2026-10-07,3054021,W,OR,02,0,
2026-10-07,3054021,W,OR,03,0,
2026-10-07,3054021,W,OR,04,0,
2026-10-07,3054021,W,OR,05,0,
2026-10-07,3054021,W,OR,06,0,
2026-10-07,3054021,W,OR,07,0,
2026-10-07,3054021,W,OR,08,0,
2026-10-07,3054021,W,OR,09,0,
2026-10-07,3054021,W,OR,10,0,
2026-10-07,3054021,W,OR,11,0,
2026-10-07,3054021,W,OR,12,0,
2026-10-07,3054021,W,OR,13,0,
2026-10-07,3054021,W,OR,14,0,
2026-10-07,3054021,W,OR,15,0,
2026-10-07,3054021,W,OR,16,0,
2026-10-07,3054021,W,OR,17,0,
2026-10-07,3054021,W,OR,18,0,
2026-10-07,3054021,W,OR,19,0,
2026-10-07,3054021,W,OR,20,0,
2026-10-07,3054021,W,OR,21,0,
2026-10-07,3054021,W,OR,22,0,
2026-10-07,3054021,W,OR,23,0,
2026-10-07,3060011,E,ML,00,997,68.1
2026-10-07,3060011,E,ML,01,679,67.9
2026-10-07,3060011,E,ML,02,610,67.7
2026-10-07,3060011,E,ML,03,772,67.9
2026-10-07,3060011,E,ML,04,1391,68.2
2026-10-07,3060011,E,ML,05,3217,68.9
2026-10-07,3060011,E,ML,06,5693,65.3
2026-10-07,3060011,E,ML,07,6906,58.5
2026-10-07,3060011,E,ML,08,6601,58.7
2026-10-07,3060011,E,ML,09,6229,61.9
2026-10-07,3060011,E,ML,10,5837,61.7
2026-10-07,3060011,E,ML,11,5813,61.5
2026-10-07,3060011,E,ML,12,5956,61.6
2026-10-07,3060011,E,ML,13,6014,61.5
2026-10-07,3060011,E,ML,14,6059,61.1
2026-10-07,3060011,E,ML,15,5946,58.1
2026-10-07,3060011,E,ML,16,5702,45.3
2026-10-07,3060011,E,ML,17,5534,38.8
2026-10-07,3060011,E,ML,18,5562,60.7
2026-10-07,3060011,E,ML,19,4295,67.5
2026-10-07,3060011,E,ML,20,3636,67.4
2026-10-07,3060011,E,ML,21,3246,67.8
2026-10-07,3060011,E,ML,22,2372,68.3
2026-10-07,3060011,E,ML,23,1558,68.2
2026-10-07,3060012,W,ML,00,509,62.3
2026-10-07,3060012,W,ML,01,597,61.9
2026-10-07,3060012,W,ML,02,557,62.3
2026-10-07,3060012,W,ML,03,573,61.7
2026-10-07,3060012,W,ML,04,549,61.4
2026-10-07,3060012,W,ML,05,599,64.4
2026-10-07,3060012,W,ML,06,618,64.3
2026-10-07,3060012,W,ML,07,726,62.7
2026-10-07,3060012,W,ML,08,826,60.8
2026-10-07,3060012,W,ML,09,913,64.0
2026-10-07,3060012,W,ML,10,980,49.6
2026-10-07,3060012,W,ML,11,991,47.0
2026-10-07,3060012,W,ML,12,970,49.9
2026-10-07,3060012,W,ML,13,998,51.4
2026-10-07,3060012,W,ML,14,955,50.5
2026-10-07,3060012,W,ML,15,996,52.9
2026-10-07,3060012,W,ML,16,933,54.7
2026-10-07,3060012,W,ML,17,899,53.2
2026-10-07,3060012,W,ML,18,812,52.3
2026-10-07,3060012,W,ML,19,878,52.3
2026-10-07,3060012,W,ML,20,827,54.8
2026-10-07,3060012,W,ML,21,843,58.4
2026-10-07,3060012,W,ML,22,768,54.6
2026-10-07,3060012,W,ML,23,649,58.9
2026-10-07,3060021,E,ML,00,168,69.6
2026-10-07,3060021,E,ML,01,135,69.8
2026-10-07,3060021,E,ML,02,144,69.9
2026-10-07,3060021,E,ML,03,127,69.8
2026-10-07,3060021,E,ML,04,177,70.0
2026-10-07,3060021,E,ML,05,303,69.9
2026-10-07,3060021,E,ML,06,398,70.0
2026-10-07,3060021,E,ML,07,422,68.7
2026-10-07,3060021,E,ML,08,507,68.9
2026-10-07,3060021,E,ML,09,572,69.3
2026-10-07,3060021,E,ML,10,557,69.2
2026-10-07,3060021,E,ML,11,590,68.5
2026-10-07,3060021,E,ML,12,562,69.9
2026-10-07,3060021,E,ML,13,580,69.0
2026-10-07,3060021,E,ML,14,552,70.0
2026-10-07,3060021,E,ML,15,546,69.3
2026-10-07,3060021,E,ML,16,516,68.7
2026-10-07,3060021,E,ML,17,363,68.9
2026-10-07,3060021,E,ML,18,370,69.0
2026-10-07,3060021,E,ML,19,337,69.2
2026-10-07,3060021,E,ML,20,341,69.6
2026-10-07,3060021,E,ML,21,280,69.9
2026-10-07,3060021,E,ML,22,241,70.0
2026-10-07,3060021,E,ML,23,196,69.7
2026-10-07,3060031,W,ML,00,520,62.2
2026-10-07,3060031,W,ML,01,608,61.6
2026-10-07,3060031,W,ML,02,561,62.1
2026-10-07,3060031,W,ML,03,591,61.9
2026-10-07,3060031,W,ML,04,555,61.2
2026-10-07,3060031,W,ML,05,620,64.5
2026-10-07,3060031,W,ML,06,625,64.2
2026-10-07,3060031,W,ML,07,756,62.5
2026-10-07,3060031,W,ML,08,859,60.8
2026-10-07,3060031,W,ML,09,945,65.1
2026-10-07,3060031,W,ML,10,1059,49.0
2026-10-07,3060031,W,ML,11,1032,46.9
2026-10-07,3060031,W,ML,12,1024,47.9
2026-10-07,3060031,W,ML,13,1060,49.7
2026-10-07,3060031,W,ML,14,1031,49.6
2026-10-07,3060031,W,ML,15,1064,53.2
2026-10-07,3060031,W,ML,16,979,55.0
2026-10-07,3060031,W,ML,17,943,53.7
2026-10-07,3060031,W,ML,18,842,52.1
2026-10-07,3060031,W,ML,19,1031,54.9
2026-10-07,3060031,W,ML,20,936,59.0
2026-10-07,3060031,W,ML,21,890,62.2
2026-10-07,3060031,W,ML,22,779,56.1
2026-10-07,3060031,W,ML,23,651,58.8
2026-10-07,314254,E,ML,00,529,63.4
2026-10-07,314254,E,ML,01,592,62.3
2026-10-07,314254,E,ML,02,568,62.9
2026-10-07,314254,E,ML,03,561,61.9
2026-10-07,314254,E,ML,04,573,63.7
2026-10-07,314254,E,ML,05,663,60.9
2026-10-07,314254,E,ML,06,736,61.0
2026-10-07,314254,E,ML,07,855,49.2
2026-10-07,314254,E,ML,08,885,52.7
2026-10-07,314254,E,ML,09,861,55.7
2026-10-07,314254,E,ML,10,955,53.3
2026-10-07,314254,E,ML,11,1027,52.8
2026-10-07,314254,E,ML,12,1013,51.8
2026-10-07,314254,E,ML,13,1015,51.4
2026-10-07,314254,E,ML,14,1080,53.6
2026-10-07,314254,E,ML,15,1163,57.1
2026-10-07,314254,E,ML,16,1201,59.8
2026-10-07,314254,E,ML,17,1175,59.3
2026-10-07,314254,E,ML,18,962,61.6
2026-10-07,314254,E,ML,19,865,64.2
2026-10-07,314254,E,ML,20,764,60.6
2026-10-07,314254,E,ML,21,717,61.1
2026-10-07,314254,E,ML,22,647,60.0
2026-10-07,314254,E,ML,23,611,61.3
2026-10-07,314255,W,ML,00,418,65.7
2026-10-07,314255,W,ML,01,411,65.7
2026-10-07,314255,W,ML,02,413,65.4
2026-10-07,314255,W,ML,03,410,65.5
2026-10-07,314255,W,ML,04,412,65.9
2026-10-07,314255,W,ML,05,492,65.6
2026-10-07,314255,W,ML,06,731,66.3
2026-10-07,314255,W,ML,07,765,65.4
2026-10-07,314255,W,ML,08,719,64.6
2026-10-07,314255,W,ML,09,648,65.8
2026-10-07,314255,W,ML,10,635,65.0
2026-10-07,314255,W,ML,11,597,64.8
2026-10-07,314255,W,ML,12,620,57.8
2026-10-07,314255,W,ML,13,591,58.5
2026-10-07,314255,W,ML,14,597,57.2
2026-10-07,314255,W,ML,15,573,57.7
2026-10-07,314255,W,ML,16,570,60.3
2026-10-07,314255,W,ML,17,563,60.3
2026-10-07,314255,W,ML,18,539,59.4
2026-10-07,314255,W,ML,19,531,58.5
2026-10-07,314255,W,ML,20,515,59.5
2026-10-07,314255,W,ML,21,512,57.8
2026-10-07,314255,W,ML,22,461,64.6
2026-10-07,314255,W,ML,23,419,65.4
2026-10-07,314277,E,ML,00,516,63.6
2026-10-07,314277,E,ML,01,578,62.5
2026-10-07,314277,E,ML,02,556,63.1
2026-10-07,314277,E,ML,03,545,62.1
2026-10-07,314277,E,ML,04,566,63.8
2026-10-07,314277,E,ML,05,653,61.2
2026-10-07,314277,E,ML,06,730,61.2
2026-10-07,314277,E,ML,07,853,49.8
2026-10-07,314277,E,ML,08,881,53.2
2026-10-07,314277,E,ML,09,856,56.0
2026-10-07,314277,E,ML,10,950,53.7
2026-10-07,314277,E,ML,11,1026,53.3
2026-10-07,314277,E,ML,12,1011,52.3
2026-10-07,314277,E,ML,13,1012,51.9
2026-10-07,314277,E,ML,14,1075,54.1
2026-10-07,314277,E,ML,15,1156,57.5
2026-10-07,314277,E,ML,16,1196,60.0
2026-10-07,314277,E,ML,17,1172,59.6
2026-10-07,314277,E,ML,18,958,61.8
2026-10-07,314277,E,ML,19,862,64.3
2026-10-07,314277,E,ML,20,757,60.8
2026-10-07,314277,E,ML,21,708,61.3
2026-10-07,314277,E,ML,22,641,60.3
2026-10-07,314277,E,ML,23,601,61.6
2026-10-07,317147,W,ML,00,422,65.7
2026-10-07,317147,W,ML,01,415,65.6
2026-10-07,317147,W,ML,02,412,65.3
2026-10-07,317147,W,ML,03,411,65.5
2026-10-07,317147,W,ML,04,411,65.9
2026-10-07,317147,W,ML,05,494,65.6
2026-10-07,317147,W,ML,06,728,66.3
2026-10-07,317147,W,ML,07,764,65.4
2026-10-07,317147,W,ML,08,718,64.5
2026-10-07,317147,W,ML,09,645,65.7
2026-10-07,317147,W,ML,10,635,65.0
2026-10-07,317147,W,ML,11,598,64.7
2026-10-07,317147,W,ML,12,616,57.9
2026-10-07,317147,W,ML,13,589,58.6
2026-10-07,317147,W,ML,14,598,57.3
2026-10-07,317147,W,ML,15,571,57.8
2026-10-07,317147,W,ML,16,568,60.4
2026-10-07,317147,W,ML,17,564,60.4
2026-10-07,317147,W,ML,18,537,59.4
2026-10-07,317147,W,ML,19,528,58.6
2026-10-07,317147,W,ML,20,514,59.6
2026-10-07,317147,W,ML,21,512,57.9
2026-10-07,317147,W,ML,22,461,64.6
2026-10-07,317147,W,ML,23,422,65.4
2026-10-07,317786,E,OR,00,0,
2026-10-07,317786,E,OR,01,0,
2026-10-07,317786,E,OR,02,0,
2026-10-07,317786,E,OR,03,0,
2026-10-07,317786,E,OR,04,0,
2026-10-07,317786,E,OR,05,0,
2026-10-07,317786,E,OR,06,0,
2026-10-07,317786,E,OR,07,0,
2026-10-07,317786,E,OR,08,0,
2026-10-07,317786,E,OR,09,0,
2026-10-07,317786,E,OR,10,0,
2026-10-07,317786,E,OR,11,0,
2026-10-07,317786,E,OR,12,0,
2026-10-07,317786,E,OR,13,0,
2026-10-07,317786,E,OR,14,0,
2026-10-07,317786,E,OR,15,0,
2026-10-07,317786,E,OR,16,0,
2026-10-07,317786,E,OR,17,0,
2026-10-07,317786,E,OR,18,0,
2026-10-07,317786,E,OR,19,0,
2026-10-07,317786,E,OR,20,0,
2026-10-07,317786,E,OR,21,0,
2026-10-07,317786,E,OR,22,0,
2026-10-07,317786,E,OR,23,0,
2026-10-07,317787,W,OR,00,0,
2026-10-07,317787,W,OR,01,0,
2026-10-07,317787,W,OR,02,0,
2026-10-07,317787,W,OR,03,0,
2026-10-07,317787,W,OR,04,0,
2026-10-07,317787,W,OR,05,0,
2026-10-07,317787,W,OR,06,0,
2026-10-07,317787,W,OR,07,0,
2026-10-07,317787,W,OR,08,0,
2026-10-07,317787,W,OR,09,0,
2026-10-07,317787,W,OR,10,0,
2026-10-07,317787,W,OR,11,0,
2026-10-07,317787,W,OR,12,0,
2026-10-07,317787,W,OR,13,0,
2026-10-07,317787,W,OR,14,0,
2026-10-07,317787,W,OR,15,0,
2026-10-07,317787,W,OR,16,0,
2026-10-07,317787,W,OR,17,0,
2026-10-07,317787,W,OR,18,0,
2026-10-07,317787,W,OR,19,0,
2026-10-07,317787,W,OR,20,0,
2026-10-07,317787,W,OR,21,0,
2026-10-07,317787,W,OR,22,0,
2026-10-07,317787,W,OR,23,0,
2026-10-07,317788,E,FR,00,0,
2026-10-07,317788,E,FR,01,0,
2026-10-07,317788,E,FR,02,0,
2026-10-07,317788,E,FR,03,0,
2026-10-07,317788,E,FR,04,0,
2026-10-07,317788,E,FR,05,0,
2026-10-07,317788,E,FR,06,0,
2026-10-07,317788,E,FR,07,0,
2026-10-07,317788,E,FR,08,0,
2026-10-07,317788,E,FR,09,0,
2026-10-07,317788,E,FR,10,0,
2026-10-07,317788,E,FR,11,0,
2026-10-07,317788,E,FR,12,0,
2026-10-07,317788,E,FR,13,0,
2026-10-07,317788,E,FR,14,0,
2026-10-07,317788,E,FR,15,0,
2026-10-07,317788,E,FR,16,0,
2026-10-07,317788,E,FR,17,0,
2026-10-07,317788,E,FR,18,0,
2026-10-07,317788,E,FR,19,0,
2026-10-07,317788,E,FR,20,0,
2026-10-07,317788,E,FR,21,0,
2026-10-07,317788,E,FR,22,0,
2026-10-07,317788,E,FR,23,0,
2026-10-07,317789,W,ML,00,172,66.2
2026-10-07,317789,W,ML,01,134,66.8
2026-10-07,317789,W,ML,02,130,66.9
2026-10-07,317789,W,ML,03,150,66.8
2026-10-07,317789,W,ML,04,158,67.3
2026-10-07,317789,W,ML,05,252,67.3
2026-10-07,317789,W,ML,06,326,67.5
2026-10-07,317789,W,ML,07,481,68.3
2026-10-07,317789,W,ML,08,587,67.2
2026-10-07,317789,W,ML,09,724,67.2
2026-10-07,317789,W,ML,10,853,67.6
2026-10-07,317789,W,ML,11,952,65.8
2026-10-07,317789,W,ML,12,864,67.7
2026-10-07,317789,W,ML,13,889,66.1
2026-10-07,317789,W,ML,14,909,67.7
2026-10-07,317789,W,ML,15,925,67.6
2026-10-07,317789,W,ML,16,826,67.9
2026-10-07,317789,W,ML,17,730,68.5
2026-10-07,317789,W,ML,18,589,68.4
2026-10-07,317789,W,ML,19,457,67.0
2026-10-07,317789,W,ML,20,363,66.7
2026-10-07,317789,W,ML,21,311,66.8
2026-10-07,317789,W,ML,22,228,67.5
2026-10-07,317789,W,ML,23,176,66.5
2026-10-07,317790,W,FR,00,0,
2026-10-07,317790,W,FR,01,0,
2026-10-07,317790,W,FR,02,0,
2026-10-07,317790,W,FR,03,0,
2026-10-07,317790,W,FR,04,0,
2026-10-07,317790,W,FR,05,0,
2026-10-07,317790,W,FR,06,0,
2026-10-07,317790,W,FR,07,0,
2026-10-07,317790,W,FR,08,0,
2026-10-07,317790,W,FR,09,0,
2026-10-07,317790,W,FR,10,0,
2026-10-07,317790,W,FR,11,0,
2026-10-07,317790,W,FR,12,0,
2026-10-07,317790,W,FR,13,0,
2026-10-07,317790,W,FR,14,0,
2026-10-07,317790,W,FR,15,0,
2026-10-07,317790,W,FR,16,0,
2026-10-07,317790,W,FR,17,0,
2026-10-07,317790,W,FR,18,0,
2026-10-07,317790,W,FR,19,0,
2026-10-07,317790,W,FR,20,0,
2026-10-07,317790,W,FR,21,0,
2026-10-07,317790,W,FR,22,0,
2026-10-07,317790,W,FR,23,0,
2026-10-07,317791,E,ML,00,210,66.4
2026-10-07,317791,E,ML,01,179,66.8
2026-10-07,317791,E,ML,02,169,66.4
2026-10-07,317791,E,ML,03,154,66.4
2026-10-07,317791,E,ML,04,213,67.0
2026-10-07,317791,E,ML,05,418,67.4
2026-10-07,317791,E,ML,06,548,69.4
2026-10-07,317791,E,ML,07,649,67.1
2026-10-07,317791,E,ML,08,713,67.9
2026-10-07,317791,E,ML,09,731,68.3
2026-10-07,317791,E,ML,10,804,67.4
2026-10-07,317791,E,ML,11,848,65.0
2026-10-07,317791,E,ML,12,833,66.7
2026-10-07,317791,E,ML,13,873,65.7
2026-10-07,317791,E,ML,14,869,66.4
2026-10-07,317791,E,ML,15,862,66.9
2026-10-07,317791,E,ML,16,823,65.6
2026-10-07,317791,E,ML,17,602,66.8
2026-10-07,317791,E,ML,18,535,67.6
2026-10-07,317791,E,ML,19,482,66.6
2026-10-07,317791,E,ML,20,453,66.2
2026-10-07,317791,E,ML,21,388,67.2
2026-10-07,317791,E,ML,22,339,66.6
2026-10-07,317791,E,ML,23,247,66.4
2026-10-07,317792,E,OR,00,0,
2026-10-07,317792,E,OR,01,0,
2026-10-07,317792,E,OR,02,0,
2026-10-07,317792,E,OR,03,0,
2026-10-07,317792,E,OR,04,0,
2026-10-07,317792,E,OR,05,0,
2026-10-07,317792,E,OR,06,0,
2026-10-07,317792,E,OR,07,0,
2026-10-07,317792,E,OR,08,0,
2026-10-07,317792,E,OR,09,0,
2026-10-07,317792,E,OR,10,0,
2026-10-07,317792,E,OR,11,0,
2026-10-07,317792,E,OR,12,0,
2026-10-07,317792,E,OR,13,0,
2026-10-07,317792,E,OR,14,0,
2026-10-07,317792,E,OR,15,0,
2026-10-07,317792,E,OR,16,0,
2026-10-07,317792,E,OR,17,0,
2026-10-07,317792,E,OR,18,0,
2026-10-07,317792,E,OR,19,0,
2026-10-07,317792,E,OR,20,0,
2026-10-07,317792,E,OR,21,0,
2026-10-07,317792,E,OR,22,0,
2026-10-07,317792,E,OR,23,0,
2026-10-07,317794,W,OR,00,0,
2026-10-07,317794,W,OR,01,0,
2026-10-07,317794,W,OR,02,0,
2026-10-07,317794,W,OR,03,0,
2026-10-07,317794,W,OR,04,0,
2026-10-07,317794,W,OR,05,0,
2026-10-07,317794,W,OR,06,0,
2026-10-07,317794,W,OR,07,0,
2026-10-07,317794,W,OR,08,0,
2026-10-07,317794,W,OR,09,0,
2026-10-07,317794,W,OR,10,0,
2026-10-07,317794,W,OR,11,0,
2026-10-07,317794,W,OR,12,0,
2026-10-07,317794,W,OR,13,0,
2026-10-07,317794,W,OR,14,0,
2026-10-07,317794,W,OR,15,0,
2026-10-07,317794,W,OR,16,0,
2026-10-07,317794,W,OR,17,0,
2026-10-07,317794,W,OR,18,0,
2026-10-07,317794,W,OR,19,0,
2026-10-07,317794,W,OR,20,0,
2026-10-07,317794,W,OR,21,0,
2026-10-07,317794,W,OR,22,0,
2026-10-07,317794,W,OR,23,0,
2026-10-07,317795,E,FR,00,0,
2026-10-07,317795,E,FR,01,0,
2026-10-07,317795,E,FR,02,0,
2026-10-07,317795,E,FR,03,0,
2026-10-07,317795,E,FR,04,0,
2026-10-07,317795,E,FR,05,0,
2026-10-07,317795,E,FR,06,0,
2026-10-07,317795,E,FR,07,0,
2026-10-07,317795,E,FR,08,0,
2026-10-07,317795,E,FR,09,0,
2026-10-07,317795,E,FR,10,0,
2026-10-07,317795,E,FR,11,0,
2026-10-07,317795,E,FR,12,0,
2026-10-07,317795,E,FR,13,0,
2026-10-07,317795,E,FR,14,0,
2026-10-07,317795,E,FR,15,0,
2026-10-07,317795,E,FR,16,0,
2026-10-07,317795,E,FR,17,0,
2026-10-07,317795,E,FR,18,0,
2026-10-07,317795,E,FR,19,0,
2026-10-07,317795,E,FR,20,0,
2026-10-07,317795,E,FR,21,0,
2026-10-07,317795,E,FR,22,0,
2026-10-07,317795,E,FR,23,0,
2026-10-07,317796,W,FR,00,0,
2026-10-07,317796,W,FR,01,0,
2026-10-07,317796,W,FR,02,0,
2026-10-07,317796,W,FR,03,0,
2026-10-07,317796,W,FR,04,0,
2026-10-07,317796,W,FR,05,0,
2026-10-07,317796,W,FR,06,0,
2026-10-07,317796,W,FR,07,0,
2026-10-07,317796,W,FR,08,0,
2026-10-07,317796,W,FR,09,0,
2026-10-07,317796,W,FR,10,0,
2026-10-07,317796,W,FR,11,0,
2026-10-07,317796,W,FR,12,0,
2026-10-07,317796,W,FR,13,0,
2026-10-07,317796,W,FR,14,0,
2026-10-07,317796,W,FR,15,0,
2026-10-07,317796,W,FR,16,0,
2026-10-07,317796,W,FR,17,0,
2026-10-07,317796,W,FR,18,0,
2026-10-07,317796,W,FR,19,0,
2026-10-07,317796,W,FR,20,0,
2026-10-07,317796,W,FR,21,0,
2026-10-07,317796,W,FR,22,0,
2026-10-07,317796,W,FR,23,0,
2026-10-07,317797,E,ML,00,205,66.5
2026-10-07,317797,E,ML,01,177,66.4
2026-10-07,317797,E,ML,02,194,66.3
2026-10-07,317797,E,ML,03,172,66.9
2026-10-07,317797,E,ML,04,243,66.5
2026-10-07,317797,E,ML,05,430,63.9
2026-10-07,317797,E,ML,06,500,61.7
2026-10-07,317797,E,ML,07,641,59.5
2026-10-07,317797,E,ML,08,603,60.3
2026-10-07,317797,E,ML,09,553,61.6
2026-10-07,317797,E,ML,10,654,58.6
2026-10-07,317797,E,ML,11,690,57.2
2026-10-07,317797,E,ML,12,650,58.6
2026-10-07,317797,E,ML,13,671,60.1
2026-10-07,317797,E,ML,14,707,62.5
2026-10-07,317797,E,ML,15,668,64.0
2026-10-07,317797,E,ML,16,665,61.7
2026-10-07,317797,E,ML,17,577,61.8
2026-10-07,317797,E,ML,18,529,62.0
2026-10-07,317797,E,ML,19,466,65.5
2026-10-07,317797,E,ML,20,464,66.3
2026-10-07,317797,E,ML,21,383,66.3
2026-10-07,317797,E,ML,22,316,66.6
2026-10-07,317797,E,ML,23,250,65.4
2026-10-07,317798,W,ML,00,165,65.3
2026-10-07,317798,W,ML,01,111,65.3
2026-10-07,317798,W,ML,02,96,65.1
2026-10-07,317798,W,ML,03,120,65.3
2026-10-07,317798,W,ML,04,236,65.4
2026-10-07,317798,W,ML,05,579,65.7
2026-10-07,317798,W,ML,06,916,65.0
2026-10-07,317798,W,ML,07,1242,64.5
2026-10-07,317798,W,ML,08,1109,64.4
2026-10-07,317798,W,ML,09,1007,64.6
2026-10-07,317798,W,ML,10,1120,64.2
2026-10-07,317798,W,ML,11,1180,64.0
2026-10-07,317798,W,ML,12,1247,63.7
2026-10-07,317798,W,ML,13,1305,63.4
2026-10-07,317798,W,ML,14,1441,63.3
2026-10-07,317798,W,ML,15,1355,63.3
2026-10-07,317798,W,ML,16,1424,63.8
2026-10-07,317798,W,ML,17,1418,64.3
2026-10-07,317798,W,ML,18,1136,65.1
2026-10-07,317798,W,ML,19,869,65.7
2026-10-07,317798,W,ML,20,732,65.5
2026-10-07,317798,W,ML,21,616,65.4
2026-10-07,317798,W,ML,22,424,65.6
2026-10-07,317798,W,ML,23,260,65.4
2026-10-07,318688,W,ML,00,177,66.0
2026-10-07,318688,W,ML,01,127,66.2
2026-10-07,318688,W,ML,02,145,66.3
2026-10-07,318688,W,ML,03,161,66.5
2026-10-07,318688,W,ML,04,167,66.4
2026-10-07,318688,W,ML,05,264,67.3
2026-10-07,318688,W,ML,06,342,67.6
2026-10-07,318688,W,ML,07,503,68.2
2026-10-07,318688,W,ML,08,603,66.8
2026-10-07,318688,W,ML,09,745,66.7
2026-10-07,318688,W,ML,10,889,66.8
2026-10-07,318688,W,ML,11,958,64.5
2026-10-07,318688,W,ML,12,923,66.7
2026-10-07,318688,W,ML,13,861,66.8
2026-10-07,318688,W,ML,14,932,67.1
2026-10-07,318688,W,ML,15,948,66.7
2026-10-07,318688,W,ML,16,844,68.7
2026-10-07,318688,W,ML,17,718,69.1
2026-10-07,318688,W,ML,18,578,68.4
2026-10-07,318688,W,ML,19,463,66.5
2026-10-07,318688,W,ML,20,395,67.1
2026-10-07,318688,W,ML,21,306,67.6
2026-10-07,318688,W,ML,22,249,66.3
2026-10-07,318688,W,ML,23,181,65.9
2026-10-07,318689,W,OR,00,0,
2026-10-07,318689,W,OR,01,0,
2026-10-07,318689,W,OR,02,0,
2026-10-07,318689,W,OR,03,0,
2026-10-07,318689,W,OR,04,0,
2026-10-07,318689,W,OR,05,0,
2026-10-07,318689,W,OR,06,0,
2026-10-07,318689,W,OR,07,0,
2026-10-07,318689,W,OR,08,0,
2026-10-07,318689,W,OR,09,0,
2026-10-07,318689,W,OR,10,0,
2026-10-07,318689,W,OR,11,0,
2026-10-07,318689,W,OR,12,0,
2026-10-07,318689,W,OR,13,0,
2026-10-07,318689,W,OR,14,0,
2026-10-07,318689,W,OR,15,0,
2026-10-07,318689,W,OR,16,0,
2026-10-07,318689,W,OR,17,0,
2026-10-07,318689,W,OR,18,0,
2026-10-07,318689,W,OR,19,0,
2026-10-07,318689,W,OR,20,0,
2026-10-07,318689,W,OR,21,0,
2026-10-07,318689,W,OR,22,0,
2026-10-07,318689,W,OR,23,0,
2026-10-07,318690,W,FR,00,0,
2026-10-07,318690,W,FR,01,0,
2026-10-07,318690,W,FR,02,0,
2026-10-07,318690,W,FR,03,0,
2026-10-07,318690,W,FR,04,0,
2026-10-07,318690,W,FR,05,0,
2026-10-07,318690,W,FR,06,0,
2026-10-07,318690,W,FR,07,0,
2026-10-07,318690,W,FR,08,0,
2026-10-07,318690,W,FR,09,0,
2026-10-07,318690,W,FR,10,0,
2026-10-07,318690,W,FR,11,0,
2026-10-07,318690,W,FR,12,0,
2026-10-07,318690,W,FR,13,0,
2026-10-07,318690,W,FR,14,0,
2026-10-07,318690,W,FR,15,0,
2026-10-07,318690,W,FR,16,0,
2026-10-07,318690,W,FR,17,0,
2026-10-07,318690,W,FR,18,0,
2026-10-07,318690,W,FR,19,0,
2026-10-07,318690,W,FR,20,0,
2026-10-07,318690,W,FR,21,0,
2026-10-07,318690,W,FR,22,0,
2026-10-07,318690,W,FR,23,0,
2026-10-07,319414,E,OR,00,0,
2026-10-07,319414,E,OR,01,0,
2026-10-07,319414,E,OR,02,0,
2026-10-07,319414,E,OR,03,0,
2026-10-07,319414,E,OR,04,0,
2026-10-07,319414,E,OR,05,0,
2026-10-07,319414,E,OR,06,0,
2026-10-07,319414,E,OR,07,0,
2026-10-07,319414,E,OR,08,0,
2026-10-07,319414,E,OR,09,0,
2026-10-07,319414,E,OR,10,0,
2026-10-07,319414,E,OR,11,0,
2026-10-07,319414,E,OR,12,0,
2026-10-07,319414,E,OR,13,0,
2026-10-07,319414,E,OR,14,0,
2026-10-07,319414,E,OR,15,0,
2026-10-07,319414,E,OR,16,0,
2026-10-07,319414,E,OR,17,0,
2026-10-07,319414,E,OR,18,0,
2026-10-07,319414,E,OR,19,0,
2026-10-07,319414,E,OR,20,0,
2026-10-07,319414,E,OR,21,0,
2026-10-07,319414,E,OR,22,0,
2026-10-07,319414,E,OR,23,0,
2026-10-07,319415,E,ML,00,186,63.7
2026-10-07,319415,E,ML,01,178,64.8
2026-10-07,319415,E,ML,02,169,64.2
2026-10-07,319415,E,ML,03,141,65.3
2026-10-07,319415,E,ML,04,212,65.9
2026-10-07,319415,E,ML,05,383,65.9
2026-10-07,319415,E,ML,06,543,67.5
2026-10-07,319415,E,ML,07,596,65.6
2026-10-07,319415,E,ML,08,727,67.1
2026-10-07,319415,E,ML,09,711,68.6
2026-10-07,319415,E,ML,10,795,66.3
2026-10-07,319415,E,ML,11,834,62.8
2026-10-07,319415,E,ML,12,840,64.2
2026-10-07,319415,E,ML,13,894,64.5
2026-10-07,319415,E,ML,14,922,64.6
2026-10-07,319415,E,ML,15,870,64.9
2026-10-07,319415,E,ML,16,853,64.0
2026-10-07,319415,E,ML,17,630,67.0
2026-10-07,319415,E,ML,18,531,65.3
2026-10-07,319415,E,ML,19,472,65.8
2026-10-07,319415,E,ML,20,469,66.0
2026-10-07,319415,E,ML,21,405,66.4
2026-10-07,319415,E,ML,22,330,64.9
2026-10-07,319415,E,ML,23,236,65.6
2026-10-07,319416,E,FR,00,0,
2026-10-07,319416,E,FR,01,0,
2026-10-07,319416,E,FR,02,0,
2026-10-07,319416,E,FR,03,0,
2026-10-07,319416,E,FR,04,0,
2026-10-07,319416,E,FR,05,0,
2026-10-07,319416,E,FR,06,0,
2026-10-07,319416,E,FR,07,0,
2026-10-07,319416,E,FR,08,0,
2026-10-07,319416,E,FR,09,0,
2026-10-07,319416,E,FR,10,0,
2026-10-07,319416,E,FR,11,0,
2026-10-07,319416,E,FR,12,0,
2026-10-07,319416,E,FR,13,0,
2026-10-07,319416,E,FR,14,0,
2026-10-07,319416,E,FR,15,0,
2026-10-07,319416,E,FR,16,0,
2026-10-07,319416,E,FR,17,0,
2026-10-07,319416,E,FR,18,0,
2026-10-07,319416,E,FR,19,0,
2026-10-07,319416,E,FR,20,0,
2026-10-07,319416,E,FR,21,0,
2026-10-07,319416,E,FR,22,0,
2026-10-07,319416,E,FR,23,0,
2026-10-07,319673,E,ML,00,194,65.5
2026-10-07,319673,E,ML,01,169,66.0
2026-10-07,319673,E,ML,02,161,64.8
2026-10-07,319673,E,ML,03,156,65.6
2026-10-07,319673,E,ML,04,188,66.0
2026-10-07,319673,E,ML,05,371,67.1
2026-10-07,319673,E,ML,06,553,66.6
2026-10-07,319673,E,ML,07,617,65.3
2026-10-07,319673,E,ML,08,712,67.7
2026-10-07,319673,E,ML,09,748,67.9
2026-10-07,319673,E,ML,10,820,66.8
2026-10-07,319673,E,ML,11,842,63.4
2026-10-07,319673,E,ML,12,869,64.6
2026-10-07,319673,E,ML,13,879,65.5
2026-10-07,319673,E,ML,14,920,66.5
2026-10-07,319673,E,ML,15,864,66.8
2026-10-07,319673,E,ML,16,813,67.0
2026-10-07,319673,E,ML,17,658,66.9
2026-10-07,319673,E,ML,18,522,66.9
2026-10-07,319673,E,ML,19,472,66.0
2026-10-07,319673,E,ML,20,452,65.4
2026-10-07,319673,E,ML,21,382,65.5
2026-10-07,319673,E,ML,22,306,65.0
2026-10-07,319673,E,ML,23,239,65.2
2026-10-07,319674,W,ML,00,173,64.3
2026-10-07,319674,W,ML,01,133,64.6
2026-10-07,319674,W,ML,02,145,64.8
2026-10-07,319674,W,ML,03,150,65.1
2026-10-07,319674,W,ML,04,159,65.4
2026-10-07,319674,W,ML,05,245,64.9
2026-10-07,319674,W,ML,06,338,65.5
2026-10-07,319674,W,ML,07,488,66.6
2026-10-07,319674,W,ML,08,576,65.5
2026-10-07,319674,W,ML,09,707,64.3
2026-10-07,319674,W,ML,10,831,57.6
2026-10-07,319674,W,ML,11,879,58.0
2026-10-07,319674,W,ML,12,863,65.3
2026-10-07,319674,W,ML,13,823,66.1
2026-10-07,319674,W,ML,14,847,64.8
2026-10-07,319674,W,ML,15,886,65.3
2026-10-07,319674,W,ML,16,772,67.6
2026-10-07,319674,W,ML,17,664,68.6
2026-10-07,319674,W,ML,18,558,64.8
2026-10-07,319674,W,ML,19,441,62.9
2026-10-07,319674,W,ML,20,372,61.6
2026-10-07,319674,W,ML,21,294,62.3
2026-10-07,319674,W,ML,22,225,64.5
2026-10-07,319674,W,ML,23,174,63.6
2026-10-07,319675,E,OR,00,0,
2026-10-07,319675,E,OR,01,0,
2026-10-07,319675,E,OR,02,0,
2026-10-07,319675,E,OR,03,0,
2026-10-07,319675,E,OR,04,0,
2026-10-07,319675,E,OR,05,0,
2026-10-07,319675,E,OR,06,0,
2026-10-07,319675,E,OR,07,0,
2026-10-07,319675,E,OR,08,0,
2026-10-07,319675,E,OR,09,0,
2026-10-07,319675,E,OR,10,0,
2026-10-07,319675,E,OR,11,0,
2026-10-07,319675,E,OR,12,0,
2026-10-07,319675,E,OR,13,0,
2026-10-07,319675,E,OR,14,0,
2026-10-07,319675,E,OR,15,0,
2026-10-07,319675,E,OR,16,0,
2026-10-07,319675,E,OR,17,0,
2026-10-07,319675,E,OR,18,0,
2026-10-07,319675,E,OR,19,0,
2026-10-07,319675,E,OR,20,0,
2026-10-07,319675,E,OR,21,0,
2026-10-07,319675,E,OR,22,0,
2026-10-07,319675,E,OR,23,0,
2026-10-07,319677,W,FR,00,0,
2026-10-07,319677,W,FR,01,0,
2026-10-07,319677,W,FR,02,0,
2026-10-07,319677,W,FR,03,0,
2026-10-07,319677,W,FR,04,0,
2026-10-07,319677,W,FR,05,0,
2026-10-07,319677,W,FR,06,0,
2026-10-07,319677,W,FR,07,0,
2026-10-07,319677,W,FR,08,0,
2026-10-07,319677,W,FR,09,0,
2026-10-07,319677,W,FR,10,0,
2026-10-07,319677,W,FR,11,0,
2026-10-07,319677,W,FR,12,0,
2026-10-07,319677,W,FR,13,0,
2026-10-07,319677,W,FR,14,0,
2026-10-07,319677,W,FR,15,0,
2026-10-07,319677,W,FR,16,0,
2026-10-07,319677,W,FR,17,0,
2026-10-07,319677,W,FR,18,0,
2026-10-07,319677,W,FR,19,0,
2026-10-07,319677,W,FR,20,0,
2026-10-07,319677,W,FR,21,0,
2026-10-07,319677,W,FR,22,0,
2026-10-07,319677,W,FR,23,0,
2026-10-07,319680,E,FR,00,0,
2026-10-07,319680,E,FR,01,0,
2026-10-07,319680,E,FR,02,0,
2026-10-07,319680,E,FR,03,0,
2026-10-07,319680,E,FR,04,0,
2026-10-07,319680,E,FR,05,0,
2026-10-07,319680,E,FR,06,0,
2026-10-07,319680,E,FR,07,0,
2026-10-07,319680,E,FR,08,0,
2026-10-07,319680,E,FR,09,0,
2026-10-07,319680,E,FR,10,0,
2026-10-07,319680,E,FR,11,0,
2026-10-07,319680,E,FR,12,0,
2026-10-07,319680,E,FR,13,0,
2026-10-07,319680,E,FR,14,0,
2026-10-07,319680,E,FR,15,0,
2026-10-07,319680,E,FR,16,0,
2026-10-07,319680,E,FR,17,0,
2026-10-07,319680,E,FR,18,0,
2026-10-07,319680,E,FR,19,0,
2026-10-07,319680,E,FR,20,0,
2026-10-07,319680,E,FR,21,0,
2026-10-07,319680,E,FR,22,0,
2026-10-07,319680,E,FR,23,0,
2026-10-07,3411031,W,ML,00,131,66.3
2026-10-07,3411031,W,ML,01,99,66.0
2026-10-07,3411031,W,ML,02,97,64.8
2026-10-07,3411031,W,ML,03,99,65.5
2026-10-07,3411031,W,ML,04,117,67.7
2026-10-07,3411031,W,ML,05,287,68.6
2026-10-07,3411031,W,ML,06,817,69.3
2026-10-07,3411031,W,ML,07,906,69.3
2026-10-07,3411031,W,ML,08,841,67.9
2026-10-07,3411031,W,ML,09,697,69.3
2026-10-07,3411031,W,ML,10,644,67.7
2026-10-07,3411031,W,ML,11,572,67.5
2026-10-07,3411031,W,ML,12,608,62.4
2026-10-07,3411031,W,ML,13,610,64.0
2026-10-07,3411031,W,ML,14,614,62.0
2026-10-07,3411031,W,ML,15,538,62.9
2026-10-07,3411031,W,ML,16,530,65.7
2026-10-07,3411031,W,ML,17,489,65.5
2026-10-07,3411031,W,ML,18,418,64.6
2026-10-07,3411031,W,ML,19,361,61.8
2026-10-07,3411031,W,ML,20,329,61.1
2026-10-07,3411031,W,ML,21,318,59.2
2026-10-07,3411031,W,ML,22,199,65.5
2026-10-07,3411031,W,ML,23,131,65.9
2026-10-07,3411034,E,ML,00,155,67.8
2026-10-07,3411034,E,ML,01,223,66.4
2026-10-07,3411034,E,ML,02,154,65.9
2026-10-07,3411034,E,ML,03,150,64.7
2026-10-07,3411034,E,ML,04,186,67.2
2026-10-07,3411034,E,ML,05,281,64.1
2026-10-07,3411034,E,ML,06,421,65.7
2026-10-07,3411034,E,ML,07,575,54.5
2026-10-07,3411034,E,ML,08,599,57.7
2026-10-07,3411034,E,ML,09,635,60.8
2026-10-07,3411034,E,ML,10,748,59.0
2026-10-07,3411034,E,ML,11,770,58.1
2026-10-07,3411034,E,ML,12,831,59.6
2026-10-07,3411034,E,ML,13,839,58.1
2026-10-07,3411034,E,ML,14,1017,61.2
2026-10-07,3411034,E,ML,15,1144,63.6
2026-10-07,3411034,E,ML,16,1333,67.0
2026-10-07,3411034,E,ML,17,1220,65.2
2026-10-07,3411034,E,ML,18,797,67.3
2026-10-07,3411034,E,ML,19,635,68.1
2026-10-07,3411034,E,ML,20,444,64.8
2026-10-07,3411034,E,ML,21,356,64.9
2026-10-07,3411034,E,ML,22,290,64.3
2026-10-07,3411034,E,ML,23,241,65.2
2026-10-07,3411035,W,FR,00,12,
2026-10-07,3411035,W,FR,01,21,
2026-10-07,3411035,W,FR,02,28,
2026-10-07,3411035,W,FR,03,33,
2026-10-07,3411035,W,FR,04,28,
2026-10-07,3411035,W,FR,05,31,
2026-10-07,3411035,W,FR,06,45,
2026-10-07,3411035,W,FR,07,76,
2026-10-07,3411035,W,FR,08,60,
2026-10-07,3411035,W,FR,09,42,
2026-10-07,3411035,W,FR,10,21,
2026-10-07,3411035,W,FR,11,73,
2026-10-07,3411035,W,FR,12,58,
2026-10-07,3411035,W,FR,13,59,
2026-10-07,3411035,W,FR,14,81,
2026-10-07,3411035,W,FR,15,64,
2026-10-07,3411035,W,FR,16,42,
2026-10-07,3411035,W,FR,17,30,
2026-10-07,3411035,W,FR,18,18,
2026-10-07,3411035,W,FR,19,32,
2026-10-07,3411035,W,FR,20,17,
2026-10-07,3411035,W,FR,21,31,
2026-10-07,3411035,W,FR,22,25,
2026-10-07,3411035,W,FR,23,30,
2026-10-07,3412061,W,ML,00,102,64.4
2026-10-07,3412061,W,ML,01,158,63.8
2026-10-07,3412061,W,ML,02,135,64.1
2026-10-07,3412061,W,ML,03,136,62.8
2026-10-07,3412061,W,ML,04,116,62.9
2026-10-07,3412061,W,ML,05,170,67.5
2026-10-07,3412061,W,ML,06,212,67.4
2026-10-07,3412061,W,ML,07,279,65.5
2026-10-07,3412061,W,ML,08,372,62.9
2026-10-07,3412061,W,ML,09,442,65.7
2026-10-07,3412061,W,ML,10,495,51.8
2026-10-07,3412061,W,ML,11,523,48.0
2026-10-07,3412061,W,ML,12,479,52.2
2026-10-07,3412061,W,ML,13,489,53.3
2026-10-07,3412061,W,ML,14,471,52.3
2026-10-07,3412061,W,ML,15,596,55.5
2026-10-07,3412061,W,ML,16,522,57.7
2026-10-07,3412061,W,ML,17,462,55.0
2026-10-07,3412061,W,ML,18,419,55.8
2026-10-07,3412061,W,ML,19,336,51.8
2026-10-07,3412061,W,ML,20,289,50.8
2026-10-07,3412061,W,ML,21,288,51.9
2026-10-07,3412061,W,ML,22,247,48.0
2026-10-07,3412061,W,ML,23,174,57.1
2026-10-07,3412064,E,ML,00,663,68.2
2026-10-07,3412064,E,ML,01,448,68.0
2026-10-07,3412064,E,ML,02,404,67.8
2026-10-07,3412064,E,ML,03,512,68.0
2026-10-07,3412064,E,ML,04,928,68.3
2026-10-07,3412064,E,ML,05,2145,69.0
2026-10-07,3412064,E,ML,06,3797,65.4
2026-10-07,3412064,E,ML,07,4604,58.6
2026-10-07,3412064,E,ML,08,4402,58.7
2026-10-07,3412064,E,ML,09,4151,62.0
2026-10-07,3412064,E,ML,10,3892,61.7
2026-10-07,3412064,E,ML,11,3877,61.6
2026-10-07,3412064,E,ML,12,3969,61.6
2026-10-07,3412064,E,ML,13,4009,61.5
2026-10-07,3412064,E,ML,14,4040,61.2
2026-10-07,3412064,E,ML,15,3963,58.1
2026-10-07,3412064,E,ML,16,3799,45.4
2026-10-07,3412064,E,ML,17,3688,38.9
2026-10-07,3412064,E,ML,18,3708,60.8
2026-10-07,3412064,E,ML,19,2861,67.6
2026-10-07,3412064,E,ML,20,2425,67.5
2026-10-07,3412064,E,ML,21,2165,67.9
2026-10-07,3412064,E,ML,22,1581,68.4
2026-10-07,3412064,E,ML,23,1037,68.3
2026-10-07,3412071,E,ML,00,139,67.4
2026-10-07,3412071,E,ML,01,100,67.0
2026-10-07,3412071,E,ML,02,97,66.3
2026-10-07,3412071,E,ML,03,72,67.6
2026-10-07,3412071,E,ML,04,156,67.3
2026-10-07,3412071,E,ML,05,271,71.4
2026-10-07,3412071,E,ML,06,499,69.0
2026-10-07,3412071,E,ML,07,469,68.8
2026-10-07,3412071,E,ML,08,546,71.6
2026-10-07,3412071,E,ML,09,2067,63.4
2026-10-07,3412071,E,ML,10,3892,61.7
2026-10-07,3412071,E,ML,11,3877,61.6
2026-10-07,3412071,E,ML,12,3969,61.6
2026-10-07,3412071,E,ML,13,4009,61.5
2026-10-07,3412071,E,ML,14,4040,61.2
2026-10-07,3412071,E,ML,15,3963,58.1
2026-10-07,3412071,E,ML,16,3799,45.4
2026-10-07,3412071,E,ML,17,3688,38.9
2026-10-07,3412071,E,ML,18,3708,60.8
2026-10-07,3412071,E,ML,19,2861,67.6
2026-10-07,3412071,E,ML,20,2425,67.5
2026-10-07,3412071,E,ML,21,2165,67.9
2026-10-07,3412071,E,ML,22,1581,68.4
2026-10-07,3412071,E,ML,23,1037,68.3
2026-10-07,3412075,E,OR,00,0,
2026-10-07,3412075,E,OR,01,0,
2026-10-07,3412075,E,OR,02,0,
2026-10-07,3412075,E,OR,03,0,
2026-10-07,3412075,E,OR,04,0,
2026-10-07,3412075,E,OR,05,0,
2026-10-07,3412075,E,OR,06,0,
2026-10-07,3412075,E,OR,07,0,
2026-10-07,3412075,E,OR,08,0,
2026-10-07,3412075,E,OR,09,0,
2026-10-07,3412075,E,OR,10,0,
2026-10-07,3412075,E,OR,11,0,
2026-10-07,3412075,E,OR,12,0,
2026-10-07,3412075,E,OR,13,0,
2026-10-07,3412075,E,OR,14,0,
2026-10-07,3412075,E,OR,15,0,
2026-10-07,3412075,E,OR,16,0,
2026-10-07,3412075,E,OR,17,0,
2026-10-07,3412075,E,OR,18,0,
2026-10-07,3412075,E,OR,19,0,
2026-10-07,3412075,E,OR,20,0,
2026-10-07,3412075,E,OR,21,0,
2026-10-07,3412075,E,OR,22,0,
2026-10-07,3412075,E,OR,23,0,
2026-10-07,3412076,E,FR,00,0,
2026-10-07,3412076,E,FR,01,0,
2026-10-07,3412076,E,FR,02,0,
2026-10-07,3412076,E,FR,03,0,
2026-10-07,3412076,E,FR,04,0,
2026-10-07,3412076,E,FR,05,0,
2026-10-07,3412076,E,FR,06,0,
2026-10-07,3412076,E,FR,07,0,
2026-10-07,3412076,E,FR,08,0,
2026-10-07,3412076,E,FR,09,0,
2026-10-07,3412076,E,FR,10,0,
2026-10-07,3412076,E,FR,11,0,
2026-10-07,3412076,E,FR,12,0,
2026-10-07,3412076,E,FR,13,0,
2026-10-07,3412076,E,FR,14,0,
2026-10-07,3412076,E,FR,15,0,
2026-10-07,3412076,E,FR,16,0,
2026-10-07,3412076,E,FR,17,0,
2026-10-07,3412076,E,FR,18,0,
2026-10-07,3412076,E,FR,19,0,
2026-10-07,3412076,E,FR,20,0,
2026-10-07,3412076,E,FR,21,0,
2026-10-07,3412076,E,FR,22,0,
2026-10-07,3412076,E,FR,23,0,
2026-10-07,3412077,W,OR,00,0,
2026-10-07,3412077,W,OR,01,0,
2026-10-07,3412077,W,OR,02,0,
2026-10-07,3412077,W,OR,03,0,
2026-10-07,3412077,W,OR,04,0,
2026-10-07,3412077,W,OR,05,0,
2026-10-07,3412077,W,OR,06,0,
2026-10-07,3412077,W,OR,07,0,
2026-10-07,3412077,W,OR,08,0,
2026-10-07,3412077,W,OR,09,0,
2026-10-07,3412077,W,OR,10,0,
2026-10-07,3412077,W,OR,11,0,
2026-10-07,3412077,W,OR,12,0,
2026-10-07,3412077,W,OR,13,0,
2026-10-07,3412077,W,OR,14,0,
2026-10-07,3412077,W,OR,15,0,
2026-10-07,3412077,W,OR,16,0,
2026-10-07,3412077,W,OR,17,0,
2026-10-07,3412077,W,OR,18,0,
2026-10-07,3412077,W,OR,19,0,
2026-10-07,3412077,W,OR,20,0,
2026-10-07,3412077,W,OR,21,0,
2026-10-07,3412077,W,OR,22,0,
2026-10-07,3412077,W,OR,23,0,
2026-10-07,3412078,W,FR,00,0,
2026-10-07,3412078,W,FR,01,0,
2026-10-07,3412078,W,FR,02,0,
2026-10-07,3412078,W,FR,03,0,
2026-10-07,3412078,W,FR,04,0,
2026-10-07,3412078,W,FR,05,0,
2026-10-07,3412078,W,FR,06,0,
2026-10-07,3412078,W,FR,07,0,
2026-10-07,3412078,W,FR,08,0,
2026-10-07,3412078,W,FR,09,0,
2026-10-07,3412078,W,FR,10,0,
2026-10-07,3412078,W,FR,11,0,
2026-10-07,3412078,W,FR,12,0,
2026-10-07,3412078,W,FR,13,0,
2026-10-07,3412078,W,FR,14,0,
2026-10-07,3412078,W,FR,15,0,
2026-10-07,3412078,W,FR,16,0,
2026-10-07,3412078,W,FR,17,0,
2026-10-07,3412078,W,FR,18,0,
2026-10-07,3412078,W,FR,19,0,
2026-10-07,3412078,W,FR,20,0,
2026-10-07,3412078,W,FR,21,0,
2026-10-07,3412078,W,FR,22,0,
2026-10-07,3412078,W,FR,23,0,
2026-10-07,3412081,W,ML,00,107,64.9
2026-10-07,3412081,W,ML,01,176,63.5
2026-10-07,3412081,W,ML,02,137,64.3
2026-10-07,3412081,W,ML,03,156,63.7
2026-10-07,3412081,W,ML,04,143,63.9
2026-10-07,3412081,W,ML,05,224,68.3
2026-10-07,3412081,W,ML,06,262,67.9
2026-10-07,3412081,W,ML,07,418,66.4
2026-10-07,3412081,W,ML,08,569,64.9
2026-10-07,3412081,W,ML,09,707,68.9
2026-10-07,3412081,W,ML,10,901,56.9
2026-10-07,3412081,W,ML,11,932,56.6
2026-10-07,3412081,W,ML,12,887,53.7
2026-10-07,3412081,W,ML,13,955,54.6
2026-10-07,3412081,W,ML,14,917,53.3
2026-10-07,3412081,W,ML,15,981,57.2
2026-10-07,3412081,W,ML,16,838,59.1
2026-10-07,3412081,W,ML,17,760,60.4
2026-10-07,3412081,W,ML,18,599,58.4
2026-10-07,3412081,W,ML,19,438,51.8
2026-10-07,3412081,W,ML,20,364,57.3
2026-10-07,3412081,W,ML,21,327,62.5
2026-10-07,3412081,W,ML,22,254,53.4
2026-10-07,3412081,W,ML,23,184,57.8
